
09/23/14 21:47:04 9 24 1 47 1411523220, 55.148, 800
09/23/14 21:57:04 9 24 1 47 1411523220, 55.148, 800
09/23/14 22:07:05 9 24 1 47 1411523220, 55.148, 800
09/23/14 22:17:05 9 24 1 47 1411523220, 55.148, 800
09/23/14 22:27:06 9 24 2 23 1411525425, 54.086, 800
09/23/14 22:37:06 9 24 2 23 1411525425, 54.086, 800
09/23/14 22:47:06 9 24 2 23 1411525425, 54.086, 800
09/23/14 22:57:07 9 24 2 23 1411525425, 54.086, 800
09/23/14 23:07:09 9 24 2 23 1411525425, 54.086, 800
09/23/14 23:17:09 9 24 3 8 1411528087, 53.546, 800
09/23/14 23:27:10 9 24 3 8 1411528087, 53.546, 800
09/23/14 23:37:10 9 24 3 8 1411528087, 53.546, 800
09/23/14 23:47:11 9 24 3 8 1411528087, 53.546, 800
09/23/14 23:57:11 9 24 3 8 1411528087, 53.546, 800
09/24/14 00:07:12 9 24 3 8 1411528087, 53.546, 800
09/24/14 00:17:13 9 24 4 17 1411532227, 52.664, 800
09/24/14 00:27:14 9 24 4 17 1411532227, 52.664, 800
09/24/14 00:37:15 9 24 4 17 1411532227, 52.664, 800
09/24/14 00:47:15 9 24 4 17 1411532227, 52.664, 800
09/24/14 00:57:16 9 24 4 17 1411532227, 52.664, 800
09/24/14 01:07:17 9 24 4 17 1411532227, 52.664, 800
09/24/14 01:17:18 9 24 5 15 1411535736, 52.052, 800
09/24/14 01:27:19 9 24 5 15 1411535736, 52.052, 800
09/24/14 01:37:19 9 24 5 15 1411535736, 52.052, 800
09/24/14 01:47:20 9 24 5 15 1411535736, 52.052, 800
09/24/14 01:57:21 9 24 5 57 1411538227, 51.728, 800
09/24/14 02:07:22 9 24 5 57 1411538227, 51.728, 800
09/24/14 02:17:23 9 24 5 57 1411538227, 51.728, 800
09/24/14 02:27:24 9 24 5 57 1411538227, 51.728, 800
09/24/14 02:37:24 9 24 5 57 1411538227, 51.728, 800
09/24/14 02:47:25 9 24 5 57 1411538227, 51.728, 800
09/24/14 02:57:26 9 24 6 51 1411541497, 51.08, 800
09/24/14 03:07:27 9 24 6 51 1411541497, 51.08, 800
09/24/14 03:17:28 9 24 6 51 1411541497, 51.08, 800
09/24/14 03:27:29 9 24 6 51 1411541497, 51.08, 800
09/24/14 03:37:29 9 24 6 51 1411541497, 51.08, 800
09/24/14 03:47:30 9 24 6 51 1411541497, 51.08, 800
09/24/14 03:57:31 9 24 7 51 1411545096, 50.342, 800
09/24/14 07:00:14 9 24 10 52 1411555920, 50.18, 800
09/24/14 10:27:16 9 24 14 27 1411568820, 59.684, 800
09/24/14 10:46:04 9 24 14 27 1411568820, 59.684, 800
09/24/14 10:56:05 9 24 14 27 1411568820, 59.684, 800
09/24/14 11:06:06 9 24 14 27 1411568820, 59.684, 800
09/24/14 11:16:07 9 24 15 16 1411571762, 61.484, 800
09/24/14 11:26:07 9 24 15 16 1411571762, 61.484, 800
09/24/14 11:36:08 9 24 15 16 1411571762, 61.484, 800
09/24/14 11:46:09 9 24 15 36 1411572963, 63.104, 800
09/24/14 11:56:09 9 24 15 36 1411572963, 63.104, 800
09/24/14 12:06:10 9 24 15 36 1411572963, 63.104, 800
09/24/14 12:16:11 9 24 15 36 1411572963, 63.104, 800
09/24/14 14:54:03 9 24 18 51 1411584693, 68.972, 721
09/24/14 15:04:03 9 24 18 51 1411584693, 68.972, 721
09/24/14 15:14:04 9 24 19 8 1411585713, 68.936, 721
09/24/14 15:24:04 9 24 19 8 1411585713, 68.936, 721
09/24/14 15:34:05 9 24 19 8 1411585713, 68.936, 721
09/24/14 15:44:05 9 24 19 8 1411585713, 68.936, 721
09/24/14 15:54:06 9 24 19 8 1411585713, 68.936, 721
09/24/14 16:04:06 9 24 19 8 1411585713, 68.936, 721
09/24/14 16:14:08 9 24 20 7 1411589253, 69.422, 804
09/24/14 16:24:08 9 24 20 7 1411589253, 69.422, 804
09/24/14 16:34:09 9 24 20 7 1411589253, 69.422, 804
09/24/14 16:44:09 9 24 20 7 1411589253, 69.422, 804
09/24/14 16:54:10 9 24 20 7 1411589253, 69.422, 804
09/24/14 17:04:10 9 24 20 56 1411592193, 68.9, 802
09/24/14 17:14:11 9 24 20 56 1411592193, 68.9, 802
09/24/14 17:24:11 9 24 20 56 1411592193, 68.9, 802
09/24/14 17:34:11 9 24 20 56 1411592193, 68.9, 802
09/24/14 17:44:12 9 24 20 56 1411592193, 68.9, 802
09/24/14 17:54:12 9 24 20 56 1411592193, 68.9, 802
09/24/14 18:04:13 9 24 21 54 1411595673, 68.324, 500
09/24/14 18:59:08 9 24 21 54 1411595673, 68.324, 500
09/24/14 19:09:10 9 24 23 8 1411600113, 67.298, 500
09/24/14 19:19:11 9 24 23 8 1411600113, 67.298, 500
09/24/14 19:29:11 9 24 23 8 1411600113, 67.298, 500
09/24/14 19:39:12 9 24 23 8 1411600113, 67.298, 500
09/24/14 19:49:12 9 24 23 8 1411600113, 67.298, 500
09/24/14 19:59:13 9 24 23 58 1411603113, 64.796, 500
09/24/14 20:09:13 9 24 23 58 1411603113, 64.796, 500
09/24/14 20:19:14 9 24 23 58 1411603113, 64.796, 500
09/24/14 20:29:14 9 24 23 58 1411603113, 64.796, 500
09/24/14 20:39:15 9 24 23 58 1411603113, 64.796, 500
09/24/14 20:49:15 9 24 23 58 1411603113, 64.796, 500
09/24/14 20:59:16 9 25 0 58 1411606712, 64.202, 500
09/24/14 21:09:17 9 25 0 58 1411606712, 64.202, 500
09/24/14 21:19:17 9 25 0 58 1411606712, 64.202, 500
09/24/14 21:29:18 9 25 1 23 1411608212, 63.644, 500
09/24/14 21:39:18 9 25 1 23 1411608212, 63.644, 500
09/24/14 21:49:18 9 25 1 23 1411608212, 63.644, 500
09/25/14 06:29:38 9 25 10 19 1411640372, 59.882, 502
09/25/14 15:31:11 9 25 19 21 1411672891, 65.318, 300
09/25/14 15:41:12 9 25 19 21 1411672891, 65.318, 300
09/25/14 15:51:12 9 25 19 21 1411672891, 65.318, 300
09/25/14 16:01:12 9 25 19 21 1411672891, 65.318, 300
09/25/14 16:11:12 9 25 19 21 1411672891, 65.318, 300
09/25/14 16:21:13 9 25 19 21 1411672891, 65.318, 300
09/25/14 16:31:14 9 25 20 27 1411676851, 65.372, 300
09/25/14 16:41:14 9 25 20 27 1411676851, 65.372, 300
09/25/14 16:51:15 9 25 20 27 1411676851, 65.372, 300
09/25/14 17:01:15 9 25 20 27 1411676851, 65.372, 300
09/25/14 17:11:15 9 25 20 27 1411676851, 65.372, 300
09/25/14 17:21:16 9 25 20 27 1411676851, 65.372, 300
09/25/14 17:31:16 9 25 21 22 1411680151, 64.94, 300
09/25/14 17:41:17 9 25 21 22 1411680151, 64.94, 300
09/25/14 17:51:17 9 25 21 22 1411680151, 64.94, 300
09/25/14 18:01:18 9 25 21 22 1411680151, 64.94, 300
09/25/14 18:40:23 9 25 22 32 1411684351, 64.274, 701
09/25/14 19:28:13 9 25 23 26 1411687591, 64.202, 701
09/25/14 19:44:30 9 25 23 26 1411687591, 64.202, 701
09/25/14 19:54:31 9 25 23 26 1411687591, 64.202, 701
